01-236284.jpg    
003341.jpg 465 28 299 300
006-10-641.jpg 442 39 256 277
007-03-334664.jpg 46 41 220 234
007-1955921.jpg 444 44 274 299
009015.jpg 44 27 240 260
01-01-066219.jpg 475 0 264 325
01-0118339.jpg 23 339 202 217
01-0166305.jpg 519 16 254 255
01-03.jpg 549 1 244 248
01-1095872.jpg 549 49 200 197
01-1135738.jpg 465 32 300 302
01-236284.jpg 547 48 200 201
01-236294.jpg 548 50 194 200
01-268345.jpg 565 25 208 205
01-396803.jpg 454 24 265 292
01-516866.jpg 23 374 239 258
01-910866.jpg 459 40 292 302
14-03391.jpg 441 24 308 327
003341.jpg 465 28 300 300
006-10-641.jpg 440 43 247 279
14-03391.jpg 439 23 308 330
14-03391.jpg 442 19 315 329
14-03391.jpg 439 23 307 327
003341.jpg 465 30 300 302
006-10-641.jpg 440 42 249 280
007-03-334664.jpg 43 42 220 238
007-1955921.jpg 440 40 282 307
009015.jpg 44 26 240 257
01-01-066219.jpg 475 0 267 325
01-0118339.jpg 24 331 212 214
01-0166305.jpg 516 24 242 260
01-03.jpg 549 0 247 251
01-1095872.jpg 547 48 202 202
01-1135738.jpg 462 33 302 304
01-236284.jpg 547 48 200 204
